{
 "cells": [
  {
   "cell_type": "code",
   "execution_count": 1,
   "metadata": {
    "collapsed": false
   },
   "outputs": [
    {
     "name": "stderr",
     "output_type": "stream",
     "text": [
      "C:\\Anaconda2\\envs\\py36\\lib\\site-packages\\IPython\\html.py:14: ShimWarning: The `IPython.html` package has been deprecated since IPython 4.0. You should import from `notebook` instead. `IPython.html.widgets` has moved to `ipywidgets`.\n",
      "  \"`IPython.html.widgets` has moved to `ipywidgets`.\", ShimWarning)\n"
     ]
    }
   ],
   "source": [
    "from mpl_toolkits.mplot3d import Axes3D\n",
    "from minisom import MiniSom\n",
    "import pandas as pd\n",
    "import numpy as np\n",
    "import matplotlib\n",
    "import matplotlib.pylab as plt\n",
    "%matplotlib inline\n",
    "from matplotlib.pylab import rcParams\n",
    "rcParams['figure.figsize'] = 16.8,6.72\n",
    "rcParams['savefig.transparent'] = True\n",
    "import math\n",
    "import sklearn\n",
    "from sklearn.preprocessing import MinMaxScaler\n",
    "import sklearn\n",
    "from scipy.stats import zscore\n",
    "import somoclu\n",
    "import seaborn\n",
    "#import Orange\n",
    "from mpl_toolkits.mplot3d import Axes3D\n",
    "#%matplotlib inline\n",
    "from scipy.cluster.hierarchy import dendrogram, linkage\n",
    "from scipy.cluster.hierarchy import cophenet\n",
    "from scipy.spatial.distance import pdist\n",
    "from scipy.cluster.hierarchy import inconsistent\n",
    "from Orange.projection.pca import PCA\n",
    "from scipy.cluster.hierarchy import fcluster\n",
    "from sklearn.utils import shuffle\n",
    "from sklearn.neighbors.kde import KernelDensity\n",
    "from time import time\n",
    "import sompy\n",
    "from sklearn import preprocessing\n",
    "from sklearn.model_selection import train_test_split\n",
    "import scipy"
   ]
  },
  {
   "cell_type": "code",
   "execution_count": 2,
   "metadata": {
    "collapsed": false
   },
   "outputs": [
    {
     "data": {
      "text/html": [
       "<div>\n",
       "<style>\n",
       "    .dataframe thead tr:only-child th {\n",
       "        text-align: right;\n",
       "    }\n",
       "\n",
       "    .dataframe thead th {\n",
       "        text-align: left;\n",
       "    }\n",
       "\n",
       "    .dataframe tbody tr th {\n",
       "        vertical-align: top;\n",
       "    }\n",
       "</style>\n",
       "<table border=\"1\" class=\"dataframe\">\n",
       "  <thead>\n",
       "    <tr style=\"text-align: right;\">\n",
       "      <th></th>\n",
       "      <th>year</th>\n",
       "      <th>week</th>\n",
       "      <th>isweekend</th>\n",
       "      <th>day</th>\n",
       "      <th>acc_rrc</th>\n",
       "      <th>drop_ps</th>\n",
       "      <th>sho_succ_rate</th>\n",
       "      <th>retention_cs_succ_rate</th>\n",
       "      <th>rtwp</th>\n",
       "      <th>availability</th>\n",
       "      <th>data_hsdpa</th>\n",
       "      <th>hsdpa_users</th>\n",
       "      <th>thp_hsdpa</th>\n",
       "    </tr>\n",
       "  </thead>\n",
       "  <tbody>\n",
       "    <tr>\n",
       "      <th>0</th>\n",
       "      <td>2016</td>\n",
       "      <td>44</td>\n",
       "      <td>0</td>\n",
       "      <td>3</td>\n",
       "      <td>99.85</td>\n",
       "      <td>99.91</td>\n",
       "      <td>99.93</td>\n",
       "      <td>99.86</td>\n",
       "      <td>-102.54</td>\n",
       "      <td>100.0</td>\n",
       "      <td>21328.70</td>\n",
       "      <td>6.28</td>\n",
       "      <td>1101.69</td>\n",
       "    </tr>\n",
       "    <tr>\n",
       "      <th>1</th>\n",
       "      <td>2016</td>\n",
       "      <td>44</td>\n",
       "      <td>0</td>\n",
       "      <td>3</td>\n",
       "      <td>99.85</td>\n",
       "      <td>99.92</td>\n",
       "      <td>99.89</td>\n",
       "      <td>99.64</td>\n",
       "      <td>-102.98</td>\n",
       "      <td>100.0</td>\n",
       "      <td>17155.00</td>\n",
       "      <td>5.23</td>\n",
       "      <td>1103.49</td>\n",
       "    </tr>\n",
       "    <tr>\n",
       "      <th>2</th>\n",
       "      <td>2016</td>\n",
       "      <td>44</td>\n",
       "      <td>0</td>\n",
       "      <td>3</td>\n",
       "      <td>99.88</td>\n",
       "      <td>99.93</td>\n",
       "      <td>99.93</td>\n",
       "      <td>99.88</td>\n",
       "      <td>-103.72</td>\n",
       "      <td>100.0</td>\n",
       "      <td>14353.80</td>\n",
       "      <td>4.32</td>\n",
       "      <td>1123.43</td>\n",
       "    </tr>\n",
       "    <tr>\n",
       "      <th>3</th>\n",
       "      <td>2016</td>\n",
       "      <td>44</td>\n",
       "      <td>0</td>\n",
       "      <td>3</td>\n",
       "      <td>99.76</td>\n",
       "      <td>99.95</td>\n",
       "      <td>99.95</td>\n",
       "      <td>100.00</td>\n",
       "      <td>-104.31</td>\n",
       "      <td>100.0</td>\n",
       "      <td>9176.72</td>\n",
       "      <td>3.41</td>\n",
       "      <td>1034.81</td>\n",
       "    </tr>\n",
       "    <tr>\n",
       "      <th>4</th>\n",
       "      <td>2016</td>\n",
       "      <td>44</td>\n",
       "      <td>0</td>\n",
       "      <td>3</td>\n",
       "      <td>99.84</td>\n",
       "      <td>99.96</td>\n",
       "      <td>99.97</td>\n",
       "      <td>100.00</td>\n",
       "      <td>-104.69</td>\n",
       "      <td>100.0</td>\n",
       "      <td>6746.76</td>\n",
       "      <td>2.77</td>\n",
       "      <td>1004.36</td>\n",
       "    </tr>\n",
       "  </tbody>\n",
       "</table>\n",
       "</div>"
      ],
      "text/plain": [
       "   year  week  isweekend  day  acc_rrc  drop_ps  sho_succ_rate  \\\n",
       "0  2016    44          0    3    99.85    99.91          99.93   \n",
       "1  2016    44          0    3    99.85    99.92          99.89   \n",
       "2  2016    44          0    3    99.88    99.93          99.93   \n",
       "3  2016    44          0    3    99.76    99.95          99.95   \n",
       "4  2016    44          0    3    99.84    99.96          99.97   \n",
       "\n",
       "   retention_cs_succ_rate    rtwp  availability  data_hsdpa  hsdpa_users  \\\n",
       "0                   99.86 -102.54         100.0    21328.70         6.28   \n",
       "1                   99.64 -102.98         100.0    17155.00         5.23   \n",
       "2                   99.88 -103.72         100.0    14353.80         4.32   \n",
       "3                  100.00 -104.31         100.0     9176.72         3.41   \n",
       "4                  100.00 -104.69         100.0     6746.76         2.77   \n",
       "\n",
       "   thp_hsdpa  \n",
       "0    1101.69  \n",
       "1    1103.49  \n",
       "2    1123.43  \n",
       "3    1034.81  \n",
       "4    1004.36  "
      ]
     },
     "execution_count": 2,
     "metadata": {},
     "output_type": "execute_result"
    }
   ],
   "source": [
    "#filedata= 'D:/Development/mestrado/uma/dataset/callsinfo.csv'\n",
    "filedata= 'C:/Users/C00310965/Desktop/caloba/umts_cidade_rate_hourly2.csv'\n",
    "#filedata= 'D:/Development/mestrado/uma/dataset/raw_callsinfo.csv'\n",
    "df = pd.read_csv(filedata, engine='python', sep=';')\n",
    "df.head()\n"
   ]
  },
  {
   "cell_type": "code",
   "execution_count": 7,
   "metadata": {
    "collapsed": false
   },
   "outputs": [
    {
     "data": {
      "text/plain": [
       "<matplotlib.image.AxesImage at 0xd79a5c0>"
      ]
     },
     "execution_count": 7,
     "metadata": {},
     "output_type": "execute_result"
    },
    {
     "data": {
      "image/png": "iVBORw0KGgoAAAANSUhEUgAAAVMAAAFRCAYAAADJg05/AAAABHNCSVQICAgIfAhkiAAAAAlwSFlz\nAAALEgAACxIB0t1+/AAAFxNJREFUeJzt3X9slfXdxvHrUEqB0h9gSqzBDkrGDzMeFlDJIljJ0sH+\nYJDBRqk5QCBklAYGEofBUhDHWLOFSYi00G3OFVBZagYEdEZYQMbSGWQETUP8kUCAoqW0gUKhp+39\n/LFnzG303D/43JxzfN6v/2qv+3AFyuUNnG/viOM4jgAA96RPogsAwFcBYwoABhhTADDAmAKAAcYU\nAAwwpgBgIGnGtKenR5WVlZo7d66i0ajOnTuX6EpxxWIxPfvssyotLdWcOXN0+PDhRFdy1dLSoqKi\nIn366aeJruLJjh07NHfuXH3/+9/XH/7wh0TX6VUsFtPq1atVUlKi0tLSpP75PX36tKLRqCTp3Llz\nmjdvnkpLS7V+/Xr19PQkuN1/+3LfxsZGlZaWKhqNavHixbpy5UqC2/27pBnTd999V52dnXrjjTe0\nevVq/fznP090pbj279+v3Nxc7dmzR7/+9a/14osvJrpSXLFYTJWVlerfv3+iq3jS0NCgU6dO6bXX\nXlNdXZ0uX76c6Eq9Onr0qLq6uvT666+rvLxcL730UqIr3VVtba0qKip0+/ZtSdLmzZu1cuVK7dmz\nR47jJN0NwX/23bRpk9atW6e6ujoVFxertrY2wQ3/XdKM6cmTJzVlyhRJ0je/+U19+OGHCW4U3/Tp\n0/XjH/9YkuQ4jtLS0hLcKL6qqiqVlJRo6NChia7iyfHjxzVq1CiVl5dr6dKleuqppxJdqVcjRoxQ\nd3e3enp61N7err59+ya60l0VFBRo27Ztdz7+6KOP9Pjjj0uSnnzySZ04cSJR1e7qP/tu2bJFY8eO\nlSR1d3crIyMjUdXuKml+1dvb2zVo0KA7H6elpamrqytpvzAzMzMl/aP3ihUrtHLlygQ36t2bb76p\nIUOGaMqUKdq5c2ei63jS2tqqS5cuqaamRhcuXFBZWZnefvttRSKRRFf7LwMHDtTFixf13e9+V62t\nraqpqUl0pbuaNm2aLly4cOdjx3Hu/HxmZmbq+vXriap2V//Z9583Ah988IF27dql3bt3J6raXSXN\nnemgQYN048aNOx/39PQk7ZD+U1NTk+bPn6+ZM2dqxowZia7Tq/r6ep04cULRaFSNjY1as2aNmpub\nE10rrtzcXE2ePFn9+vVTYWGhMjIydPXq1UTXuqvf/e53mjx5sv70pz9p3759eu655+780TSZ9enz\nr9/+N27cUHZ2dgLbeHPo0CGtX79eO3fu1JAhQxJd598kzZhOmDBBx44dkyT9/e9/16hRoxLcKL4r\nV65o0aJFevbZZzVnzpxE14lr9+7d2rVrl+rq6jR27FhVVVUpLy8v0bXimjhxot577z05jqPPP/9c\nHR0dys3NTXStu8rOzlZWVpYkKScnR11dXeru7k5wK3ePPPKIGhoaJEnHjh3To48+muBG8e3bt+/O\n1/HDDz+c6Dr/JWlu/YqLi/WXv/xFJSUlchxHP/vZzxJdKa6amhpdu3ZN27dv1/bt2yX94y/MU+Uf\neJLd1KlT9f7772vOnDlyHEeVlZVJ+/fSCxcu1Nq1a1VaWqpYLKZVq1Zp4MCBia7las2aNVq3bp22\nbNmiwsJCTZs2LdGVetXd3a1NmzYpPz9fy5cvlyQ99thjWrFiRYKb/UuE7xoFAPcuaf6YDwCpjDEF\nAAOMKQAYYEwBwABjCgAGGFMAMMCYAoABxhQADNyXE1B+vjnFmTNnNG7cOE/ZsM4b/P73v/ecnTFj\nhg4cOOApm56eHrRSXJ2dnZ6z3/ve97R//35P2ZycnKCVejVy5Ehf+a9//ev6+OOPXXNVVVVBK8X1\nq19V+8oPHjxQra03XXNHjhwKWimua9eu+crPnj1b9fX1rjk/X2N++Pl+AH5+r4X1vU5XrVrV6+eS\n7s70G9/4RqIr+DJ48OBEV/Al1fqm2vHcvn2T88hrb5Ltm4XEk6zfm+Gfkm5MASAVMaYAYIAxBQAD\njCkAGGBMAcAAYwoABgK9z7Snp0cbNmzQ2bNn1a9fP/30pz/V1772NetuAJAyAt2Zptoz7gEgbIHG\nNNWecQ8AYQv0DKjnn39e3/nOd1RUVCRJeuqpp/Tuu+/2+mjmDz/8MOVONgGAH4H+ztTvM+69nrWX\n/nHe3utZ/mQ4mz9//nzP+WQ4m79gwQK9+uqrnrLJcDZ/3LhxOnPmjGsuWc7m5+Vlqbn5umsuWc7m\nL1myRLW1ta65ZDibH41GVVdX5ymbMmfzU+0Z9wAQtkB3pqn2jHsACFugMe3Tp482btxo3QUAUhZv\n2gcAA4wpABhgTAHAAGMKAAYYUwAwwJgCgIH78nRSvyeVvOb9PPXUDz8noPz0COvElt8HjXnNh3Hq\n5a233vKVHzdunKdrXnjhhaCVEiKsEzpjxozxfU1hYaFr5osvvghSx1VHR4evfCwW85TLysoKUuee\ncGcKAAYYUwAwwJgCgAHGFAAMMKYAYIAxBQADjCkAGGBMAcAAYwoABhhTADDAmAKAAcYUAAwwpgBg\ngDEFAAOMKQAYYEwBwABjCgAGGFMAMMCYAoABxhQADDCmAGDgvjyd1M/TPufPn+857/cpon46eBWN\nRj3nf/Ob3wStFFdGRoavfFdXl6dcWlpakDpxTZo0KZRrGhsbg9Tx8GMPDeV1MzMzQ3ndS5cuhXJN\nS0tLkDqu+vfv7ysfxhNzrXBnCgAGGFMAMMCYAoABxhQADDCmAGCAMQUAA4wpABgI9D7TWCymtWvX\n6uLFi+rs7FRZWZm+/e1vW3cDgJQRaEz379+v3Nxc/eIXv1BbW5tmzZrFmAL4fy3QmE6fPl3Tpk2T\nJDmOE8pJGQBIJRHHcZygF7e3t6usrEw//OEPNWPGjF5zra2tGjx4cNAfBgCSXuCz+U1NTSovL1dp\naWncIZWkAwcOeH5dP2fzI5GI59f1w8/ZfMdxPPcI62x+Tk6O5+zs2bNVX1/vKRvGz+8DDzzgK19U\nVKSjR4+65q5fvx60UlyTJhX5yuflZam52b3LwYPefg388vunxGg0qrq6OtdcMpzNX7p0qWpqakLp\n4adDbwKN6ZUrV7Ro0SJVVlbqW9/6VuBiAPBVEeitUTU1Nbp27Zq2b9+uaDSqaDSqW7duWXcDgJQR\n6M60oqJCFRUV1l0AIGXxpn0AMMCYAoABxhQADDCmAGCAMQUAA4wpABi4L08nTU9PDyV/Dydh4/J7\nUslrfvHixUHquNq3b5+vvNef3zCeoNnc3BzKNTdv3gxSJ2Ha2tpCed0HH3zQ9zVevh7COg5+48YN\nX/menh5PuYceeihInXvCnSkAGGBMAcAAYwoABhhTADDAmAKAAcYUAAwwpgBggDEFAAOMKQAYYEwB\nwABjCgAGGFMAMMCYAoABxhQADDCmAGCAMQUAA4wpABhgTAHAAGMKAAYYUwAwwJgCgIH78nTSzs7O\nUPK5ublB6rjKyMjwlc/JyfGU8/sUUa9mzpzpOes4juf81KlTg1bq1ejRo33l58yZo8OHD7vmxo8f\nH7RSQkyfPj2U133llVd85UtKSnTq1CnXXHFxcdBKcfl96umkSZM85Q4ePBikjqtZs2b1+jnuTAHA\nAGMKAAYYUwAwwJgCgAHGFAAMMKYAYOCexrSlpUVFRUX69NNPrfoAQEoKPKaxWEyVlZXq37+/ZR8A\nSEmBx7SqqkolJSUaOnSoZR8ASEmBxvTNN9/UkCFDNGXKFOs+AJCSIo7jOH4vevrppxWJRBSJRNTY\n2Kjhw4erurpaeXl5d823trb6PjYGAKkk0Jh+WTQa1YYNGzRy5MheM6+++qrn11uwYIHnfFhn87u6\nujxnZ8+erfr6ek/Z9PT0oJXi8ns2PxKJeMomw9n86upqlZWVuebCOps/e/bTvvJ5eVlqbr7ummtp\nuRi0Ulx+z+ZXVVVpzZo1rrlkOJs/ceJEnTx50lM2rLP5lZWVvX6Ot0YBgIF7/q5RdXV1Fj0AIKVx\nZwoABhhTADDAmAKAAcYUAAwwpgBggDEFAAOMKQAYuC9PJ/X69E6/eb9PPfUqLS3NV97riaLMzMwg\ndVz5PankNf/nP/85SJ242trafF/T0NDgmikoKAhSJ2HGjBkTyuv26eP//sjLNV6fCurXoEGDfOUn\nTJjgKbd169Ygde4Jd6YAYIAxBQADjCkAGGBMAcAAYwoABhhTADDAmAKAAcYUAAwwpgBggDEFAAOM\nKQAYYEwBwABjCgAGGFMAMMCYAoABxhQADDCmAGCAMQUAA4wpABhgTAHAAGMKAAbuy9NJR44cGUr+\nrbfeClLHld8nMT7wwAOecs3NzUHquBo9enQo+SBPEnVz6tSpUK5ZtGhRkDoJE9bXwrVr10K5Jqy+\n7e3tnrP5+fm6fPmyp+zw4cMDNgqOO1MAMMCYAoABxhQADDCmAGCAMQUAA4wpABgI/NaoHTt26MiR\nI4rFYpo3b55+8IMfWPYCgJQSaEwbGhp06tQpvfbaa+ro6NBvf/tb614AkFICjenx48c1atQolZeX\nq729XT/5yU+sewFASok4juP4vaiiokKXLl1STU2NLly4oLKyMr399tuKRCJ3zd+6dUv9+/e/57IA\nkKwC3Znm5uaqsLBQ/fr1U2FhoTIyMnT16tVej1V+/PHHnl973LhxOnPmjKdsMhwnLSoq0tGjRz1l\nwzqSd/jwYc/Z6upqlZWVeco2NDQErdQrv8dJHcfp9X/SX7Zt27agleKaO3eBr3xeXpaam697SN4K\nVsjFhg0bfOVffvlllZeXu+ZWr14dsFF8AwYM8JzNz89XU1OTp2x1dXXQSnFt3Lix188F+tf8iRMn\n6r333pPjOPr888/V0dGh3NzcwAUBINUFujOdOnWq3n//fc2ZM0eO46iyslJpaWnW3QAgZQR+axT/\n6AQA/8Kb9gHAAGMKAAYYUwAwwJgCgAHGFAAMMKYAYOC+PFCvqqrKc3bXrl2e8y+88ELQSnE1Njb6\nyl+/7uXEi3Tz5s0gdVyNHz8+lHxBQUGQOnEFefCdl9NNy5cvD1LHld8TUF6dPXs2lNd94oknQrnm\n/PnzQeq4Sk9P95zNz8/XZ5995imbk5MTtFJg3JkCgAHGFAAMMKYAYIAxBQADjCkAGGBMAcAAYwoA\nBhhTADDAmAKAAcYUAAwwpgBggDEFAAOMKQAYYEwBwABjCgAGGFMAMMCYAoABxhQADDCmAGCAMQUA\nA4wpABiIOI7jhP2DNDd7e3qnJOXlZfnKJxp9w0XfcKVS32TompeX1evnuDMFAAOMKQAYYEwBwABj\nCgAGGFMAMMCYAoABxhQADPQNclEsFtNzzz2nixcvqk+fPnrxxRc1cuRI624AkDIC3ZkePXpUXV1d\nev3111VeXq6XXnrJuhcApJRAYzpixAh1d3erp6dH7e3t6ts30A0uAHxlBDpO2tTUpGXLlunmzZtq\nbW1VTU2NJkyY0Gu+q6tbffum3VNRAEhmgcZ08+bN6tevn1avXq2mpiYtWLBABw4cUEZGxl3znM1P\nHvQNF33Dkwxd453ND/Tn8+zsbKWnp0uScnJy1NXVpe7u7mDtAOArINCYLly4UGvXrlVpaalisZhW\nrVqlgQMHWncDgJQRaEwzMzO1detW6y4AkLJ40z4AGGBMAcAAYwoABhhTADDAmAKAAcYUAAzcl0P1\nR44c8pydO3eu5/yVK1eCVoorMzPTc3bhwoU6eLDeU7atrS1opbimT5/uOZuXN0YtLRc9ZceMGRO0\nUq+am5t9XpEl6ZZr6uzZs4H6uBk9enworzt0aHYor/vHP/7RV37mzJk6ceKIa27VqlVBK8XV1NTk\nOdvR0aGCgqGesp988knQSi54OikAhIoxBQADjCkAGGBMAcAAYwoABhhTADDAmAKAAcYUAAwwpgBg\ngDEFAAOMKQAYYEwBwABjCgAGGFMAMMCYAoABxhQADDCmAGCAMQUAA4wpABhgTAHAAGMKAAbuy9NJ\nr127Fko+jKdnStKlS5d85dPS0jzlHnzwwSB1XL3yyiues1VVVZ7zffrY/7/W79fCyy+/rA0bNrjm\nnnjiiYCN4gvr6aR+nyLq1axZs3zlHcfxdM2OHTuCVoprwIABvvI7d+70lDt0yPsTkf1YsmRJr5/j\nzhQADDCmAGCAMQUAA4wpABhgTAHAAGMKAAYYUwAw4GlMT58+rWg0Kkk6d+6c5s2bp9LSUq1fv149\nPT2hFgSAVOA6prW1taqoqNDt27clSZs3b9bKlSu1Z88eOY6jw4cPh14SAJKd65gWFBRo27Ztdz7+\n6KOP9Pjjj0uSnnzySZ04cSK8dgCQIiKO4zhuoQsXLuiZZ57R3r17NXnyZB0/flyS9Ne//lX19fX6\n5S9/Gff6q1evasiQITaNASAJ+T6b/+Xz2jdu3FB2drbrNfX19Z5ff8mSJaqtrfWULSws9Py6fvg5\nmx+NRlVXV+cpm56eHrRSXKdOnfKcraqq0po1azxlk+Vsfnl5uWsurLP5xcUzfOXz8rLU3HzdNXfi\nxJGgleIKcjY/Eom45pLhbL6f32u3bt0KWiku07P5jzzyiBoaGiRJx44d06OPPhq8GQB8Rfge0zVr\n1mjbtm2aO3euYrGYpk2bFkYvAEgpnv6YP2zYMO3du1eSNGLECO3atSvUUgCQanjTPgAYYEwBwABj\nCgAGGFMAMMCYAoABxhQADNyXp5N2dnaGkv/iiy+C1HHV0tISSn7w4MFB6rgqLi4OJT9p0qQgdeJq\nbm72fc3q1atdM+fPnw9SJ2FWrVoVyusGOank5Zof/ehHQeq4GjRokOdsNBrVsmXLPGXfeeedoJUC\n484UAAwwpgBggDEFAAOMKQAYYEwBwABjCgAGGFMAMMCYAoABxhQADDCmAGCAMQUAA4wpABhgTAHA\nAGMKAAYYUwAwwJgCgAHGFAAMMKYAYIAxBQADjCkAGGBMAcDAfXk6aXZ2dij5jo6OIHVc9e/fP5T8\njRs3gtRx5fepp17zfp4c6VV7e7vvawYMGOCaSU9PD1InYZqamkJ5XS8/V0GuCeNrQfL/9eA1P2zY\nsCB17gl3pgBggDEFAAOMKQAYYEwBwABjCgAGGFMAMMCYAoABT2N6+vRpRaNRSVJjY6NKS0sVjUa1\nePFiXblyJdSCAJAKXMe0trZWFRUVun37tiRp06ZNWrdunerq6lRcXKza2trQSwJAsnMd04KCAm3b\ntu3Ox1u2bNHYsWMlSd3d3crIyAivHQCkiIjjOI5b6MKFC3rmmWe0d+/eO//tgw8+0PPPP6/du3dr\nyJAhca9va2tTbm7uvbcFgCQV6Gz+oUOHVF1drZ07d7oOqSQdOHDA82tHo1HV1dV5ysZiMc+v60dn\nZ6fn7NKlS1VTU+Mp29PTE7RSXJMmTfKcnThxok6ePOkpO2HChKCVenX58mVf+fz8fE/n2D/77LOg\nleIaNep/fOXz8rLU3HzdNVdQMDRopbh27tzpK+/199uyZcuCVorLz9l8x3EUiUQ8Zc+fPx+0UlwP\nP/xwr5/zPab79u3TG2+8obq6Ou42AeD/+BrT7u5ubdq0Sfn5+Vq+fLkk6bHHHtOKFStCKQcAqcLT\nmA4bNuzO35f+7W9/C7UQAKQi3rQPAAYYUwAwwJgCgAHGFAAMMKYAYIAxBQAD9+XppH6/s5TXfFZW\nVpA6CfPQQw+F8roHDx70nJ04caLn/NatW4NW6tXw4cN95Tdu3Kjq6mrXXE5OTsBG8fk9AeXVJ598\nEsrrHjp0yPc1t27dcs288847Qeq48vsUUa8nmwoKCoLUcRXv9D13pgBggDEFAAOMKQAYYEwBwABj\nCgAGGFMAMMCYAoABxhQADDCmAGCAMQUAA4wpABhgTAHAAGMKAAYYUwAwwJgCgAHGFAAMMKYAYIAx\nBQADjCkAGGBMAcAAYwoABiJOvMftAQA84c4UAAwwpgBggDEFAAOMKQAYYEwBwABjCgAG/hegRziw\n7BnP2gAAAABJRU5ErkJggg==\n",
      "text/plain": [
       "<matplotlib.figure.Figure at 0x4e43390>"
      ]
     },
     "metadata": {},
     "output_type": "display_data"
    }
   ],
   "source": [
    "plt.matshow(df.corr())"
   ]
  },
  {
   "cell_type": "code",
   "execution_count": 23,
   "metadata": {
    "collapsed": false
   },
   "outputs": [],
   "source": [
    "df.dropna(axis = 0, how = 'any', inplace = True)"
   ]
  },
  {
   "cell_type": "code",
   "execution_count": 27,
   "metadata": {
    "collapsed": false
   },
   "outputs": [
    {
     "data": {
      "text/plain": [
       "2897"
      ]
     },
     "execution_count": 27,
     "metadata": {},
     "output_type": "execute_result"
    }
   ],
   "source": [
    "df.shape[0]"
   ]
  },
  {
   "cell_type": "code",
   "execution_count": 24,
   "metadata": {
    "collapsed": true
   },
   "outputs": [],
   "source": [
    "minimum_correlation = 100.0*1/np.sqrt(df.shape[0])\n"
   ]
  },
  {
   "cell_type": "code",
   "execution_count": 34,
   "metadata": {
    "collapsed": false,
    "scrolled": true
   },
   "outputs": [
    {
     "data": {
      "text/plain": [
       "array([[  1.00000000e+00,   8.44550951e-01,   1.95813993e-02,\n",
       "          2.42481697e-02,   3.02060138e-02,   3.81676440e-02,\n",
       "          3.30885432e-01,   5.00472766e-01,   3.24379849e-02,\n",
       "          5.68751670e-02,   8.60054480e-02,   1.98856549e-03,\n",
       "          1.24680364e-01],\n",
       "       [  8.44550951e-01,   1.00000000e+00,   3.51799754e-04,\n",
       "          3.54096113e-03,   7.97645783e-02,   5.45778281e-02,\n",
       "          1.68920667e-01,   4.33471460e-01,   8.74923661e-02,\n",
       "          1.43775931e-01,   1.94673974e-02,   3.05419998e-02,\n",
       "          4.45144551e-02],\n",
       "       [  1.95813993e-02,   3.51799754e-04,   1.00000000e+00,\n",
       "          5.50891457e-02,   7.06364275e-02,   9.45457173e-02,\n",
       "          2.12834359e-01,   1.14804344e-01,   2.81222359e-02,\n",
       "          1.12006473e-03,   1.12383038e-01,   6.69709456e-02,\n",
       "          6.73864378e-02],\n",
       "       [  2.42481697e-02,   3.54096113e-03,   5.50891457e-02,\n",
       "          1.00000000e+00,   7.73629956e-02,   1.46467502e-01,\n",
       "          6.54560215e-02,   3.94413277e-03,   1.26963696e-01,\n",
       "          2.75969272e-02,   2.91684391e-02,   9.08536190e-02,\n",
       "          6.97570116e-02],\n",
       "       [  3.02060138e-02,   7.97645783e-02,   7.06364275e-02,\n",
       "          7.73629956e-02,   1.00000000e+00,   6.11855950e-01,\n",
       "          3.81287039e-01,   5.12190764e-02,   3.76092002e-01,\n",
       "          2.82026144e-01,   1.35597304e-01,   2.71827475e-01,\n",
       "          2.14419189e-01],\n",
       "       [  3.81676440e-02,   5.45778281e-02,   9.45457173e-02,\n",
       "          1.46467502e-01,   6.11855950e-01,   1.00000000e+00,\n",
       "          7.14050202e-01,   1.54947044e-01,   8.80083801e-01,\n",
       "          2.73296111e-01,   6.50131447e-01,   8.24800231e-01,\n",
       "          4.66033069e-01],\n",
       "       [  3.30885432e-01,   1.68920667e-01,   2.12834359e-01,\n",
       "          6.54560215e-02,   3.81287039e-01,   7.14050202e-01,\n",
       "          1.00000000e+00,   9.90908392e-03,   5.54244520e-01,\n",
       "          3.71521947e-01,   4.21109572e-01,   5.15850970e-01,\n",
       "          2.43533537e-01],\n",
       "       [  5.00472766e-01,   4.33471460e-01,   1.14804344e-01,\n",
       "          3.94413277e-03,   5.12190764e-02,   1.54947044e-01,\n",
       "          9.90908392e-03,   1.00000000e+00,   1.97746033e-01,\n",
       "          7.06773354e-03,   1.62906315e-01,   2.11384156e-01,\n",
       "          1.44341940e-01],\n",
       "       [  3.24379849e-02,   8.74923661e-02,   2.81222359e-02,\n",
       "          1.26963696e-01,   3.76092002e-01,   8.80083801e-01,\n",
       "          5.54244520e-01,   1.97746033e-01,   1.00000000e+00,\n",
       "          7.68442614e-02,   7.84912496e-01,   9.42644938e-01,\n",
       "          4.96432340e-01],\n",
       "       [  5.68751670e-02,   1.43775931e-01,   1.12006473e-03,\n",
       "          2.75969272e-02,   2.82026144e-01,   2.73296111e-01,\n",
       "          3.71521947e-01,   7.06773354e-03,   7.68442614e-02,\n",
       "          1.00000000e+00,   6.15186074e-02,   3.60602936e-03,\n",
       "          5.74026959e-02],\n",
       "       [  8.60054480e-02,   1.94673974e-02,   1.12383038e-01,\n",
       "          2.91684391e-02,   1.35597304e-01,   6.50131447e-01,\n",
       "          4.21109572e-01,   1.62906315e-01,   7.84912496e-01,\n",
       "          6.15186074e-02,   1.00000000e+00,   9.18160627e-01,\n",
       "          2.24872382e-01],\n",
       "       [  1.98856549e-03,   3.05419998e-02,   6.69709456e-02,\n",
       "          9.08536190e-02,   2.71827475e-01,   8.24800231e-01,\n",
       "          5.15850970e-01,   2.11384156e-01,   9.42644938e-01,\n",
       "          3.60602936e-03,   9.18160627e-01,   1.00000000e+00,\n",
       "          4.75328368e-01],\n",
       "       [  1.24680364e-01,   4.45144551e-02,   6.73864378e-02,\n",
       "          6.97570116e-02,   2.14419189e-01,   4.66033069e-01,\n",
       "          2.43533537e-01,   1.44341940e-01,   4.96432340e-01,\n",
       "          5.74026959e-02,   2.24872382e-01,   4.75328368e-01,\n",
       "          1.00000000e+00]])"
      ]
     },
     "execution_count": 34,
     "metadata": {},
     "output_type": "execute_result"
    }
   ],
   "source": [
    "abs(np.corrcoef(df,rowvar=0))"
   ]
  },
  {
   "cell_type": "code",
   "execution_count": 36,
   "metadata": {
    "collapsed": false
   },
   "outputs": [
    {
     "name": "stderr",
     "output_type": "stream",
     "text": [
      "C:\\Anaconda2\\envs\\py36\\lib\\site-packages\\ipykernel\\__main__.py:41: UserWarning: Warning: converting a masked element to nan.\n"
     ]
    },
    {
     "data": {
      "text/plain": [
       "<matplotlib.text.Text at 0xfc71160>"
      ]
     },
     "execution_count": 36,
     "metadata": {},
     "output_type": "execute_result"
    },
    {
     "data": {
